# imaginary parts of the first 300 nontrivial zeros of zeta,
# computed by mpmath.zetazero at 20 digits; regenerate with
# scratchpad/gen_zeros.py or zeta_guide.core.compute_zeros
14.1347251417347
21.0220396387716
25.0108575801457
30.4248761258595
32.9350615877392
37.5861781588257
40.9187190121475
43.327073280915
48.0051508811672
49.7738324776723
52.9703214777145
56.4462476970634
59.3470440026024
60.8317785246098
65.1125440480816
67.0798105294942
69.546401711174
72.0671576744819
75.7046906990839
77.1448400688748
79.3373750202494
82.910380854086
84.7354929805171
87.4252746131252
88.8091112076345
92.4918992705585
94.6513440405199
95.8706342282453
98.8311942181937
101.317851005731
103.725538040478
105.446623052326
107.168611184276
111.02953554317
111.874659176993
114.320220915453
116.226680320858
118.790782865976
121.370125002421
122.946829293553
124.256818554346
127.516683879596
129.578704199956
131.087688530933
133.497737202998
134.756509753374
138.116042054533
139.736208952121
141.123707404021
143.111845807621
146.000982486766
147.42276534256
150.053520420785
150.925257612241
153.024693811199
156.112909294238
157.597591817594
158.84998817142
161.188964137596
163.030709687182
165.5370691879
167.184439978175
169.094515415569
169.911976479412
173.411536519592
174.754191523366
176.44143429771
178.3774077761
179.916484020257
182.207078484366
184.874467848388
185.598783677707
187.228922583502
189.416158656017
192.026656360714
193.079726603846
195.265396679529
196.876481840958
198.015309676252
201.264751943704
202.493594514141
204.189671803105
205.394697202163
207.906258887806
209.576509716856
211.690862595365
213.347919359713
214.547044783491
216.169538508264
219.067596349021
220.714918839314
221.430705554693
224.007000254604
224.983324669582
227.421444279679
229.337413305525
231.250188700499
231.98723525318
233.693404178908
236.524229665816
237.769820480925
239.555477573328
241.049157796217
242.823271934223
244.070898497078
247.136990074897
248.101990060148
249.573689644707
251.014947795016
253.069986747999
255.306256454914
256.380713694434
258.610439491531
259.874406989678
260.805084504597
263.57389390487
265.557851838876
266.614973781501
267.921915082824
269.970449023998
271.494055641645
273.459609188403
275.587492649344
276.452049503133
278.250743529842
279.229250927745
282.465114765052
283.211185733234
284.835963980905
286.667445363003
287.911920501422
289.579854929219
291.846291329067
293.558434139356
294.965369619266
295.573254878958
297.979277061943
299.840326053721
301.649325462194
302.696749589607
304.864371340857
305.728912602037
307.21949612817
310.109463146702
311.165141530356
312.427801180601
313.985285731159
315.475616089476
317.73480594237
318.853104256317
321.160134309114
322.144558672483
323.466969557512
324.86286605174
327.443901261905
329.033071680481
329.953239728234
331.474467582663
333.64537852487
334.211354833244
336.841850428391
338.339992850807
339.858216725364
341.042261111047
342.054877510364
344.661702940252
346.34787056601
347.27267758442
349.316260870696
350.408419349192
351.878649025359
353.488900488719
356.017574977265
357.15130225204
357.952685101632
359.743754953114
361.289361695805
363.331330578974
364.736024114089
366.212710288331
367.99357548174
368.968438095734
370.050919212106
373.061928372113
373.864873910909
375.825912766739
376.324092230668
378.436680249965
379.872975346532
381.484468617187
383.443529449536
384.956116814864
385.861300845974
387.222890222388
388.846128354232
391.456083563638
392.245083339519
393.427743844434
395.582870010994
396.381854222592
397.918736209614
399.985119876195
401.839228600533
402.861917763886
404.236441800208
405.13438745991
407.581460386896
408.947245502351
410.513869193367
411.972267804279
413.262736070185
415.018809755155
415.455214996295
418.387705789535
419.861364818152
420.643827625042
422.076710058827
423.716579627482
425.069882494461
427.208825084075
428.127914076617
430.328745430939
431.301306930704
432.138641734589
433.889218480927
436.161006432647
437.581698167669
438.621738656272
439.918442214371
441.683199201189
442.904546302609
444.319336277559
446.86062269643
447.441704194493
449.148545685023
450.126945780314
451.403308445389
453.986737806678
454.974683768617
456.328426689246
457.903893064103
459.513415281106
460.087944422176
462.065367274883
464.057286910548
465.671539211371
466.570286930826
467.439046210262
469.536004559112
470.773655478102
472.799174661909
473.83523234514
475.600339369376
476.769015237485
478.075263766671
478.942181534635
481.830339376287
482.834782790982
483.851427212483
485.539148129356
486.528718261651
488.380567090017
489.661761577956
491.398821593663
493.314441581785
493.957997805369
495.358828822131
496.429696215759
498.580782429687
500.30908494169
501.604446965145
502.276270327118
504.499773313428
505.415231742244
506.464152709524
508.800700336468
510.264227943673
511.562289700375
512.623144531407
513.668985555474
515.435057167299
517.589668572467
518.23422314755
520.106310411723
521.525193449492
522.45669617773
523.960530892016
525.07738568728
527.903641601272
528.406213852293
529.806226318707
530.866917883961
532.688183028294
533.779630753769
535.664314075873
537.069759083122
538.428526176248
540.213166376228
540.631390247295
541.847437121201
